version https://git-lfs.github.com/spec/v1
oid sha256:94921371cc4edd2e2aa66089e5683d60340123ac0af75e4d142f383d0a8d0ee0
size 63248
