version https://git-lfs.github.com/spec/v1
oid sha256:c7a35519086a7525a326c5f19d167d26471574e970d19a0cdbdb5cba063dc264
size 2493
