version https://git-lfs.github.com/spec/v1
oid sha256:646fa86156c5c25273c837ca6a6f6d40783a0ea2a257543e27623df62991961b
size 1859
