version https://git-lfs.github.com/spec/v1
oid sha256:803cb0b31adf6585db10bfd7617f7bdb2ef458aab078a34945e6a17242cd2bf1
size 17228
