version https://git-lfs.github.com/spec/v1
oid sha256:a9a9bf305eeba2cb7e28a337d76e075da11c25401f13874175fe6be11d811b42
size 52246
