version https://git-lfs.github.com/spec/v1
oid sha256:1ca376811856126e04ec2bf4f11a2c2f2564f0785726f4bed11db6f87a0969ce
size 2455
