version https://git-lfs.github.com/spec/v1
oid sha256:9e1868d6b9bad2481319bcfe28aeb85e1d564e3e815ad1097203c34a16dfc3a9
size 30850
