version https://git-lfs.github.com/spec/v1
oid sha256:dc94f3f9ded8057d86146cfc6d058f58207a68cd5d98f338e9cd8099bb5bae40
size 21375
